852
4330
8740
8955
11610
12140
12150
12650
12660
13120
13260
15350
17760
18040
18050
18310
19030
19080
19810
22490
23130
23140
23400
25730
29017
29900
33210
33550
33700
33710
33720
34390
35470
39160
41310
46470
47810
50400
55130
55190
55210
63230
71300
71310
72520
72530
90800
91310
98810
99110
99200
99930
102210
102810
102850
200350
201930
205930
211070
211380
212090
212200
213050
214050
214270
214400
215100
215490
215590
216250
222320
223140
226760
230330
234100
237310
239490
239660
240220
242320
242360
242940
242960
242980
243000
243020
243040
243060
243180
245010
245350
254270
254300
265020
273550
275000
293360
293400
300970
321210
323370
391920
396740
413010
413170
421730
433290
439400
445730
453800
481890
497960
499450
513150
530940
575050
587030
630790
648590
657860
660330
660570
668860
681810
681820
681830
681840
684740
698600
698920
700580
709970
710130
710750
737230
747610
799960
813350
817520
827660
846260
943490
944060
972170
5
7
8
90
205
210
211
215
218
260
304
310
364
456
457
458
459
480
510
513
520
530
540
560
563
564
565
575
576
581
582
583
584
585
586
590
629
635
640
644
650
651
652
653
654
660
669
740
745
753
754
755
756
760
761
764
765
767
854
903
928
935
938
939
943
944
957
958
959
962
969
970
971
972
973
979
989
990
996
1001
1007
1210
1213
1220
1240
1255
1259
1260
1270
1273
1290
1306
1317
1320
1504
1507
1523
1525
1528
1532
1535
1635
1645
2110
2114
2115
2145
2150
2403
2410
2413
2430
2460
2505
2530
2535
2560
2580
2625
2635
2645
2724
2725
2726
2740
2767
2768
2770
2826
2827
2860
2930
3000
3030
3040
3150
3160
3200
3205
3220
3273
3370
3372
3470
3472
3542
3599
3629
3630
3632
3640
3642
3650
3652
3750
3840
4010
4020
4200
4206
4207
4210
4270
4280
4329
4450
4480
4540
4550
4590
4610
4730
4790
4808
4830
4910
4930
4931
4940
5002
5004
5005
5006
5007
5009
5010
5011
5012
5013
5014
5017
5018
5019
5021
5023
5025
5026
5037
5039
5040
5041
5042
5060
5061
5070
5071
5072
5074
5075
5079
5099
5106
5113
5151
5154
5155
5172
5173
5178
5181
5182
5183
5199
5200
5201
5202
5203
5206
5212
5215
5221
5222
5233
5237
5242
5246
5247
5252
5255
5269
5270
5271
5276
5277
5278
5279
5284
5287
5291
5292
5296
5298
5299
5306
5311
5312
5328
5332
5333
5335
5345
5361
5363
5366
5368
5375
5377
5379
5387
5406
5418
5433
5434
5450
5457
5474
5476
5477
5479
5480
5484
5496
5497
5499
5501
5503
5504
5510
5511
5512
5516
5517
5519
5520
5527
5540
5542
5543
5545
5554
5555
5556
5557
5558
5559
5560
5571
5572
5575
5583
5584
5585
5586
5587
5590
5591
5592
5594
5599
5602
5603
5607
5609
5613
5614
5615
5616
5618
5623
5629
5633
5634
5639
5641
5644
5645
5657
5662
5668
5669
5671
5672
5673
5677
5678
5679
5680
5683
5684
5685
5691
5692
5693
5699
5702
5707
5708
5709
5710
5711
5719
5720
5725
5726
5727
5749
5754
5761
5768
5773
5776
5777
5778
5784
5810
5816
5821
5826
5827
5828
5832
5834
5835
5836
5843
5845
5846
5847
5848
5849
5850
5851
5853
5855
5861
5863
5864
5868
5871
5873
5875
5876
5878
5881
5884
5886
5890
5891
5894
5895
5898
5900
5907
5915
5921
5930
5935
5936
5937
5938
5943
5944
5947
5951
5954
5955
5957
5960
5961
5962
5963
5964
5965
5966
5967
5969
5970
5971
5972
5973
5974
5975
5976
5979
5983
5986
5987
5989
5990
5991
5992
5996
6100
6110
6122
6330
6350
6360
6520
6530
6540
6570
6590
6610
6700
6720
6820
7060
7080
7203
7240
7250
7270
7500
7630
7700
7790
7820
7850
7870
7920
7930
7950
7970
8009
8070
8110
8142
8160
8169
8179
8199
8510
8610
8620
8630
8662
8670
8680
8710
8730
8770
8804
8830
8840
8859
8950
8989
9100
9240
9241
9360
9370
9810
9870
9885
9890
9905
9906
9907
9908
9910
9920
9932
9933
9942
9949
9985
9990
10000
10010
10030
10050
10159
10197
10199
10400
10410
10420
10430
10519
10530
10545
10546
10560
10570
10590
10601
10602
10603
10605
10609
10630
10640
10650
10660
10696
10699
10700
11060
11070
11120
11170
11172
11179
11202
11210
11420
11424
11440
11460
11520
11550
11600
11602
11603
11604
11605
12190
12219
12230
12240
12250
12260
12364
12392
12550
12750
12799
12800
12819
12840
12849
12850
12860
12880
13180
13650
13660
13700
15140
15150
15230
15260
15330
15360
15396
15529
15530
15550
15640
15660
15669
15942
15950
15982
15992
16098
16420
16475
16479
16480
16830
16864
16865
16871
16872
16879
17000
17020
17030
17040
17095
17096
17097
17210
17220
17310
17311
17312
17400
17420
17505
17515
17525
17535
17555
17575
17585
17590
17595
17705
17714
17790
18052
18053
18059
18060
18061
18081
18100
18110
18112
18119
18403
18490
18507
18530
18531
18532
18533
18534
18709
19060
19090
19330
19840
19890
19910
19940
19950
19960
19970
19989
19990
19999
20004
20005
20202
20400
20509
20520
20589
20590
20840
20902
20929
20930
21019
21039
21040
21089
21140
21150
21160
21170
21180
21200
21201
21202
21204
21205
21206
21207
21209
21210
21212
21213
21214
21215
21216
21217
21218
21219
21220
21221
21222
21223
21224
21610
21612
21620
21649
21669
21679
21699
21750
21809
21909
21920
21929
21930
21940
21950
21960
21963
21964
21970
21989
21995
21996
21999
22208
22309
22319
22333
22359
22365
22449
22456
22460
22465
22475
22480
22618
22635
22636
22637
22638
22639
22640
22641
22642
22658
22678
22700
22800
22803
22805
22812
22813
22814
22815
22816
22817
22818
22819
22821
22825
22835
22845
22870
22875
22880
22885
22888
22889
22890
22891
22892
22893
22894
22895
22896
23100
23110
23120
23160
23170
23180
23200
23319
23330
23350
23390
23410
23469
23480
24012
24022
24023
24024
24025
24026
24027
24030
24031
24032
24033
24034
24035
24036
24037
24038
24039
24040
24041
24042
24044
24045
24046
24047
24048
24050
24051
24052
24053
24054
24056
24057
24059
24060
24061
24062
24063
24064
24066
24068
24069
24071
24072
24073
24074
24076
24078
24079
24080
24081
24084
24086
24087
24088
24089
24090
24091
24092
24093
24094
24097
24098
24099
24110
24120
24130
24135
24140
24150
24180
24190
24208
24209
24210
24220
24230
24422
24448
24451
24470
24483
24486
24487
24496
24500
24509
24600
24610
24620
24630
24637
24674
24675
24770
24850
24859
24860
24920
24932
24934
24935
24936
24937
24938
24939
24950
24962
24969
24992
24993
24994
24995
24996
24997
24998
24999
25300
25310
25320
25330
25340
25350
25360
25370
25380
25390
25740
25750
25751
25752
25753
25754
25755
25756
25757
25765
25840
25879
25880
25893
25920
25939
25989
26009
26100
26110
26120
26130
26140
26160
26170
26180
26720
27220
27240
27300
28013
28014
28015
28017
28019
28050
28060
28061
28110
29100
29110
29500
29520
29530
29540
29550
29560
29570
29580
29590
29660
29670
29680
29690
29710
30000
30010
30040
31139
31189
31199
31209
31219
31229
31410
31419
31420
31713
31720
31740
31989
32135
32159
32472
32690
32700
32830
32831
32832
32833
32834
33212
33219
33220
33242
33245
33246
33259
33260
33270
33287
33288
33289
33310
33325
33326
33340
33349
33359
33360
33361
33362
33370
33371
33420
33428
33435
33436
33440
33446
33447
33448
33456
33457
33500
33510
33549
33559
33630
33740
33905
33909
33919
33920
33935
33936
33960
34009
34039
34049
34120
34170
34171
34172
34173
34175
34176
34177
34184
34189
34220
34229
34250
34344
34346
34347
34490
34491
34492
34493
34494
34495
34496
34497
34498
34609
34610
34611
34612
34613
34614
34615
34616
34650
34670
34680
34850
34860
35019
35020
35040
35060
35081
35082
35084
35085
35086
35087
35088
35092
35093
35094
35095
35096
35097
35098
35099
35100
35103
35134
35418
35426
35427
35428
35485
35509
35709
35723
36340
36350
36360
36370
36620
36630
36632
36633
36700
36710
36909
36919
37250
37350
37708
37709
37910
37920
38209
38220
38229
38743
38800
38810
38830
38900
38925
38926
38927
39122
39123
39124
39125
39126
39127
39128
39129
39130
39180
39181
39182
39183
39184
39185
39189
39250
39251
39260
39261
39570
39580
39710
40002
40003
40004
40005
40006
40120
40125
40130
40131
40132
40133
40134
40136
40230
40309
40370
40709
40809
40810
40920
41005
41009
41015
41017
41018
41020
41030
41040
41045
41073
41080
41090
41509
41520
41610
41690
41710
41720
41760
41807
41808
41809
41813
41815
42110
42129
42160
42300
42320
42510
42520
42521
42650
42690
42699
42715
42717
42720
42723
42729
42740
42749
42750
42830
42840
42841
42842
42843
42844
42845
42846
42847
42848
42849
42860
42870
42901
42914
42916
42917
42919
42967
43012
43015
43016
43110
43120
43129
43140
43210
44205
44300
44310
44320
44630
44720
45110
45500
45772
45777
45778
45798
45900
46210
46220
46230
46320
46330
46390
46420
46430
46523
46792
47010
47420
47421
47422
47423
47424
47425
47426
47430
47720
47721
47722
47723
47749
47770
47799
47815
47842
47843
47844
47850
47911
47912
47933
47934
47935
47940
48120
48124
48127
48128
48129
48131
48132
48136
48137
48138
48160
48165
48166
48167
48185
48186
48195
48196
48197
48198
48218
48219
48224
48225
48226
48227
48228
48233
48234
48258
48259
48260
48830
49312
49313
49314
49315
49400
49406
49407
49408
49477
49478
49479
49536
49537
49538
49605
50120
50140
50141
50142
50143
50144
50148
50149
50203
50204
50205
50206
50207
50208
50209
50212
50213
50214
50215
50219
50233
50234
50235
50236
50237
50238
50239
50253
50254
50255
50256
50257
50258
50259
50273
50274
50275
50276
50277
50278
50279
50409
50410
50411
50412
50413
50414
50415
50416
50417
50430
50431
50432
50433
50434
50435
50436
50437
50438
50439
50440
50470
50471
50830
50900
50950
51040
51100
55112
55113
55114
55180
55220
55280
55290
56460
56490
57310
57500
57510
57630
57720
57750
57910
57920
57940
57970
57980
58300
58310
58510
58540
58600
61000
61220
61530
61800
61810
61820
61830
63210
63220
63920
63930
64030
65120
65210
65220
65240
65260
65770
65810
65950
67210
67250
67310
70010
70610
71280
71320
71390
71400
71410
72300
72310
72510
72770
72780
72910
73000
73040
73110
73180
73230
80020
80400
80410
80440
80510
80580
80610
80620
80640
80650
80660
80670
80690
80700
80710
80810
80830
80850
80860
80880
80890
80900
80970
81060
81080
81090
81100
81150
81190
81240
81340
81380
81400
81450
81470
81480
81530
81540
81560
81600
81610
81620
81630
81660
81700
81740
81760
81770
81790
81820
81830
81850
81870
81890
81900
81950
81980
81990
82020
82030
82130
82160
82180
90100
90110
90530
90810
90900
91210
91720
91920
91930
92500
95500
95510
96300
96400
96810
99310
99810
99850
99870
99890
99920
100410
100970
101000
102000
102020
102030
102620
102800
102820
102830
104010
104310
104800
105200
105400
105410
105430
105610
107000
107010
107400
107900
108220
109400
109410
111710
113900
200000
200060
200110
200180
200320
200330
200340
200600
200630
200730
200770
200780
200790
200800
200810
200820
200830
200840
200850
201020
201190
201280
201330
201600
201700
201880
201890
201960
201970
202010
202020
202030
202040
202090
202110
202190
202220
202230
202240
202390
202480
202550
202880
202900
202920
202930
202950
202960
203050
203180
203190
203230
203250
203300
203600
203850
204140
204280
204350
204420
204470
204650
204800
204820
205180
205250
205790
205860
206180
206270
206550
206560
206570
206580
206590
206740
206750
206940
206950
206960
206970
206980
207060
207210
207270
207630
208030
208050
208100
208220
208290
208320
208340
208610
208860
209300
209310
209340
209710
209720
209890
210070
210080
210100
210110
210150
210350
210370
210410
210430
210450
210990
211000
211120
211880
211940
212170
212180
212210
212220
212240
212330
212370
212440
212450
212530
212580
212720
213040
213120
213410
213430
213470
213550
213570
213590
213630
213860
214210
214230
214320
214640
214850
215060
215250
215320
215350
215360
215820
215990
216010
216170
216280
216370
216390
216530
216570
216610
216630
216840
216850
217060
217080
217350
217370
217390
217410
217430
217490
217510
217550
217570
217590
217610
217630
217650
217760
217780
217810
217860
217940
217980
218130
218170
218180
218210
218240
218450
218470
218630
218780
218800
218860
219210
219360
219540
219600
219720
219800
219870
220050
220070
220140
220180
220280
220400
220500
220600
220620
220680
220800
221000
221080
221090
221120
221200
221300
221340
221360
221410
221430
221500
221790
221980
222540
222710
222820
222860
222960
222970
223060
223070
223160
223240
223250
223260
223300
223350
223390
223530
223650
223670
223910
224060
224220
224240
224320
224340
224360
224420
224560
224610
224620
224780
224800
225060
225100
225140
225180
225220
225370
225760
226080
226150
226170
226260
226320
226330
226470
226490
226800
226980
226990
227040
227050
227140
227440
227660
227680
227700
227720
227740
227980
228000
228020
228240
228460
228500
228520
228560
228580
228740
228750
228780
228880
228940
228980
229100
229150
229160
229170
229330
230010
230030
230170
230250
230320
230780
230790
230830
230940
231180
231230
231340
231390
231410
231970
231990
232130
232150
232210
232250
232510
232640
232670
232690
232710
232730
232830
233010
233390
233570
233630
233780
233870
234060
234430
234530
234730
234740
234980
235560
235610
235640
235700
235740
235760
236530
236590
236650
236830
236990
237170
237190
237210
237230
237250
237270
237410
237450
237530
237680
237700
237720
238110
238120
238130
238170
238250
238340
238480
238590
238650
238670
238690
238710
239220
239240
239280
239390
239410
239450
239510
239680
239760
239780
239860
239880
239890
239900
239920
239940
239950
240020
240040
240060
240070
240080
240100
240110
240120
240130
240140
240150
240160
240180
240200
240380
240420
240460
240580
240610
240800
240840
240850
240860
240870
240880
240890
240910
240930
240940
240950
240990
241040
241050
241060
241070
241090
241100
241120
241130
241140
241150
241230
241340
241360
241490
241500
241640
241960
241970
241990
242150
242280
242290
242380
242460
242480
242520
242800
243140
243300
243320
243380
243440
243580
243730
243750
243870
244290
244310
244350
244370
244390
244470
244650
245070
245130
245190
245340
245640
245680
245760
245850
246210
246260
246280
246380
246400
246460
246600
247390
247450
247560
247620
247640
247770
247830
247930
248950
249070
249120
249380
249540
249700
249740
249750
249760
249770
250150
250160
250170
250200
250220
250230
250240
250280
250940
251090
251670
251790
251970
252210
252590
252990
253130
253470
253830
254000
254020
254040
254130
254170
254180
254420
254620
254650
254670
254980
255000
255010
255030
255190
255210
255470
255480
255500
255550
255580
255780
255890
256100
256120
256350
256480
256490
256500
256530
257080
257210
257280
257300
257330
257890
258030
258130
258160
258260
258450
258550
258580
258740
258780
258800
258860
258940
258990
259260
259270
259280
259300
259360
260100
260300
260310
260320
260400
260460
260770
261020
261130
261200
261240
261310
261330
261450
261590
261620
261660
262340
262350
262360
263260
263440
264360
264800
264820
264920
264970
264990
265060
265150
265200
265290
265360
265420
265570
265650
266070
266450
266550
266620
266720
266750
266760
266780
266800
266810
266870
267000
267160
267180
267420
267480
267510
267550
267570
267580
267590
267710
267820
267860
267870
268070
268110
268290
268300
268310
268590
268600
268620
268830
269390
269450
269910
270900
270930
270990
271000
271080
271090
271120
271180
271220
271230
271290
271380
271530
271540
271750
271800
271810
271840
271940
272030
272260
272290
272350
272490
272640
272670
272830
272860
272880
272910
272950
272960
272970
273390
273480
273490
273520
273530
274100
274110
274150
274390
274470
274800
275020
275370
275440
275550
276020
276050
276060
276160
276200
276210
276770
277530
277580
277950
277970
278130
278140
278150
278700
278730
279100
279840
280440
280760
281130
281510
281630
281690
281720
281810
281960
281980
282130
282160
282350
282500
282580
283810
283900
284480
284510
284520
284640
284670
284680
285030
285230
285250
285270
285290
285400
285610
285620
285630
286640
286910
287280
287360
287410
287420
287490
287530
287540
287670
287680
287770
288250
288320
288340
288390
288570
288780
288800
288810
288820
288980
289010
289110
289120
289550
289910
290410
290630
290710
290830
291210
291500
291520
291540
291820
291830
292470
292640
292680
292700
292750
292950
292960
293010
293080
293110
293120
293130
293140
293280
293300
293500
293560
293820
294120
294300
294420
294850
295230
295270
295330
295350
295390
295810
296270
296320
296340
296350
296440
296610
296950
297090
297390
297600
297610
297690
297700
297800
297810
297910
298670
298740
298860
298890
298910
298970
299010
299270
299310
299370
299640
299700
299890
299990
300140
300200
300640
300660
300920
300960
300980
300990
301070
301270
301480
301770
301820
301890
302200
302530
302550
303410
303740
303760
303820
303850
303890
303920
303930
304070
304120
304220
304270
304490
304710
304890
305130
305190
305410
305420
305430
305530
305540
306110
306190
306280
306300
306320
306330
306470
306520
306720
306830
306880
307530
307540
307720
307740
308150
308320
308340
309970
310090
310580
310680
310690
310750
310760
311030
311160
311320
311600
311700
311990
312000
312270
312390
312580
312710
312800
312860
313110
313220
313350
313610
313710
313900
313990
314130
314750
314780
315010
315030
315100
315220
315410
315420
315530
315600
315640
315720
315740
315800
315880
315970
316000
316110
316280
316470
316570
316920
316980
317000
317110
317140
317170
317230
317240
317260
317450
317460
317670
317740
318060
318070
318110
318150
318590
318620
318720
318790
318800
318810
318940
318980
318990
319020
319030
319060
319070
319410
319580
319750
319790
319800
319920
320020
320180
320190
320200
320220
320390
320420
320530
320550
320590
320600
320850
320890
321040
321070
321230
321250
321280
321640
321650
321730
321740
321770
321900
322010
322040
322050
322090
322100
322150
322160
322250
322460
322510
322600
322740
322820
322830
322840
322860
322940
322960
323010
323110
323210
323360
323440
323520
323750
323870
323930
324180
324200
324230
324280
324330
324350
324450
324600
324780
324790
324870
324890
324910
324920
325070
325080
325170
325340
325350
325490
325600
325660
325680
325690
325940
326030
326350
326500
326620
326740
326880
327100
327200
327230
327360
327480
327770
327810
327850
327970
328130
328160
328240
328260
328390
328400
328520
328700
328750
328810
328860
328870
328950
329030
329230
329510
329580
329590
329600
329710
329720
329840
329990
330030
330040
330110
330140
330160
330210
330230
330240
330340
330360
330380
330480
330610
330700
330710
330750
330760
330960
330970
330980
331050
331310
331330
331420
331560
331660
331740
331780
331950
332190
332220
332230
332420
332430
332670
332750
332850
332890
332970
332990
333000
333030
333060
333070
333230
333470
333480
333530
333630
333740
333780
333820
333830
333850
333860
333910
333920
334050
334060
334150
334160
334340
334380
334400
334430
334440
334450
334590
334610
334670
334890
334900
334930
335060
335080
335590
335650
335740
335880
335930
335950
336050
336310
336400
336510
336620
336650
336790
336800
337020
337100
337170
337690
337810
337870
337910
338340
338400
338470
338510
338520
338600
338720
338740
338900
338950
339010
339410
339490
339620
339630
339900
340110
340230
340550
340820
340970
341140
341340
341450
341840
341850
342290
342680
342880
343010
343330
343480
343590
343660
343700
343760
343970
343980
344110
344250
344350
344380
344390
344420
344650
344670
345170
345190
345570
345830
345890
345950
346270
346400
346680
346720
346740
346860
346870
347180
347220
347380
347410
347570
347640
347650
347970
348080
348350
348500
348900
349110
349330
349750
349990
350060
350410
350420
350430
350450
350660
350680
350730
350820
351040
351590
351660
351670
351840
352080
352490
352540
352820
352830
352870
352920
352940
352980
352990
353120
353310
353350
353400
353410
353420
353430
353440
353450
353460
353490
353500
353520
353530
353690
353860
353870
354020
354060
354170
354350
354390
354700
354830
354870
354910
355030
355200
355210
355590
355730
355990
356330
356640
356740
356750
357060
357160
357210
357660
357820
357850
357980
358430
358480
358490
358620
358640
358720
358820
358850
358910
358920
358930
359000
359290
359380
359480
359850
360070
360130
360230
360480
360500
360610
360760
360790
360920
360930
360950
361180
361240
361270
361340
361400
361480
361490
361530
361570
361580
361660
362000
362170
362340
362420
362600
362640
362720
362750
363000
363030
363230
363340
363480
363540
363570
363730
363910
364110
364520
364530
364540
364550
364560
364570
364580
364590
364600
364610
364620
364650
364730
364960
365000
365180
365920
366120
366150
366160
366400
366490
366840
366850
367540
367690
367730
367740
367750
367760
367770
367840
367920
367940
367960
367970
368010
368090
368750
368790
368840
368930
369140
369170
369200
369300
369320
369520
369620
369630
369650
369660
369670
370100
370250
370720
370820
371250
371260
371440
371600
371740
371810
371840
371960
372370
372400
372630
372650
372900
372920
373030
373080
373100
373410
373680
373700
373910
374090
374140
374220
374700
374710
374720
374730
374740
374930
375380
375400
375720
375740
375880
375960
376010
376020
376050
376070
376090
376280
376540
376610
376670
376810
376890
376900
376910
377130
377180
377210
377510
377640
377790
377920
377930
377990
378020
378120
378180
378200
378220
378650
378670
378950
379670
379680
379700
379800
379820
380010
380060
380230
380610
380770
380850
381150
381190
381570
381620
381650
381670
381690
381720
381730
382010
382030
382280
382450
382820
382970
383040
383110
383310
383410
383760
383900
383910
384140
384370
384400
384430
384440
384450
384460
384540
384620
384850
385170
385680
385720
385790
385880
386230
386270
386300
386450
386720
386730
386790
386800
386830
387050
387150
387650
387740
388460
388480
388820
389200
389300
389350
389370
389380
389590
389600
389770
389950
389960
390070
390230
390320
390590
391150
391200
391360
391370
391430
391750
391940
391950
392060
392240
392300
392340
392390
392700
392760
392790
392980
393100
393160
393250
393740
393850
394000
394060
394200
394740
394830
394910
395040
395310
396220
396390
396400
396430
396630
396830
397080
397140
397530
397610
397880
398270
398540
398910
399060
399290
399300
399310
399320
399330
399340
399550
399560
399570
399680
399750
399940
400430
400460
400480
400690
400760
400850
400890
400900
400920
400930
400960
400970
400980
400990
401000
401010
401020
401030
401040
401050
401060
401070
401080
401340
401530
401540
401600
401610
401670
401740
401870
401980
402000
402110
402140
402230
402240
402270
402280
402370
402450
402470
402480
402490
402520
402740
403130
403150
403170
403240
403480
403630
403750
403760
403770
403840
404130
404140
404290
404310
404320
404330
404340
404350
404370
404730
404810
404920
404990
405100
405210
405220
405230
405270
405320
405470
405510
405690
405700
406020
406230
406240
406420
406700
406770
406910
407010
407090
407240
407250
407370
407480
407540
407660
407730
407870
407890
408040
408270
408330
408370
408380
408390
408500
408560
408630
408970
409310
409500
409550
410170
410220
410250
410280
410300
410310
410410
410420
410610
410620
410630
410640
410650
410690
410700
410950
411040
412330
412350
412590
412680
412720
412820
412940
412950
413070
413080
413090
413100
413180
413340
413440
413460
413690
413770
414300
414390
414460
414480
414570
414600
414650
414790
415100
415110
415120
415310
415360
415410
415790
416410
416520
416560
416880
416940
417280
417330
417340
417550
417560
417570
417580
417590
417600
417610
417620
417630
417640
417650
417660
417670
417680
417690
417700
417720
417730
417740
417790
417800
417810
417950
418010
418020
418130
418200
418350
418480
418550
418720
418880
418900
418990
419120
419230
419270
419300
419310
419320
419330
419350
419400
419420
419440
419490
419520
419540
419560
419570
419630
419670
419690
419720
419730
419750
419760
419770
419780
419790
419820
419830
419840
419850
419860
419890
420460
420650
420780
421070
421080
421090
421130
421220
421230
421240
421250
421270
421280
421290
421300
421310
421320
421330
421340
421350
421380
421390
421400
421410
421420
421440
421450
421460
421470
421480
421490
421500
421510
421520
421530
421540
421550
421570
421580
421590
421720
421800
421860
421910
422230
422290
422310
422360
422470
422950
422960
423020
423030
423040
423050
423060
423070
423110
423310
423360
423410
423460
423840
424020
424050
424690
424860
425420
425490
425540
425550
425570
425620
425690
425780
425790
425980
426180
426230
426250
426270
426280
426320
426350
426360
426370
426380
426400
426410
426420
426430
426440
426460
426470
426480
426490
426500
426510
426520
426530
426540
426660
426730
426750
426810
426970
427080
427340
427460
427560
427670
427920
428420
428430
428720
428780
428890
428970
429010
429400
429880
429990
430040
430090
430260
430390
430440
430480
431000
431780
431790
431800
432060
432710
432840
432880
433040
433500
433560
433800
433970
434080
434110
435110
435160
435210
435330
435550
435890
436300
436350
436890
437240
437260
437300
437410
437800
437940
437950
437960
437970
437980
437990
438510
438520
438530
438550
438700
438800
438840
438990
439030
439050
439070
439090
439110
439130
439150
439170
439240
439360
439410
439480
439560
439570
439580
439590
439600
439610
439620
439630
439640
439650
439790
439990
440000
440260
440330
440400
441020
441080
441090
441100
441110
441120
441130
441140
441150
441160
441170
441180
441190
441200
441290
441470
441520
441780
441920
441930
442110
442180
442240
442320
442330
442360
442700
442900
442990
443030
443050
443080
443100
443230
443240
443510
443760
443840
443900
443910
444030
444240
444450
444510
444700
444860
445150
445180
445280
445390
445460
445470
445480
445500
445510
445530
445780
445900
446360
446690
446710
446720
446740
446960
447080
447260
447490
447500
447660
447680
447760
448210
448460
448680
448870
449230
449670
449740
449830
449840
449970
450010
450200
450210
450230
450260
450270
450280
450300
450310
450320
450330
450370
450430
450460
450530
450710
450730
450770
450840
450880
450980
451040
451180
451280
451320
451430
451440
451480
451490
451500
451510
451820
451890
452040
452050
452080
452110
452130
452140
452150
452160
452170
452200
452250
452260
452270
452300
452330
452350
452360
452370
452430
452600
452610
452620
452630
452640
452660
452670
452680
452690
452740
452750
452770
452780
452800
452810
453150
453170
453190
453210
453380
453410
453420
453440
453450
453490
453590
453630
453920
454760
454810
455130
455150
455360
455380
455580
455610
455630
455890
456250
456370
456570
456590
456610
456720
456820
456960
457030
457040
457070
457220
457360
457430
457620
457800
457990
458800
458840
458870
459200
459450
459740
460040
460090
460110
460300
460320
460350
460460
460590
460670
460690
460980
461330
461610
462150
462310
462720
462880
463640
463650
463690
464250
464410
464420
464430
464660
464820
464830
464890
464930
465220
465680
467110
467230
468020
468430
468630
468690
468750
469620
469660
470110
470120
470150
470190
470290
470320
470330
470340
470350
470360
470370
470380
470390
470400
470410
470420
470430
471230
471350
471390
471420
471520
471580
471590
471720
472030
472810
472840
472860
473900
473980
474780
474800
474870
475100
475250
475280
475290
475300
475320
475330
475340
475350
475360
475370
475380
475390
475400
475450
475990
476390
476400
476520
476950
477040
477150
477220
477240
477780
477790
477820
479190
480510
480520
481080
481120
481170
481900
481910
481930
481940
482040
482050
482060
482070
482470
482480
482490
482500
482510
482520
482530
482540
482550
482560
482570
482580
482590
482600
482610
482620
482630
482640
482650
482660
482730
482750
482850
482870
483260
483690
483700
483710
483720
483730
483740
483810
483870
483880
483890
483900
483910
483920
483940
485250
485300
485780
485990
486090
486420
486590
486610
486710
486840
487390
487460
487550
487620
487680
487710
487780
487800
487820
487840
487860
487880
487900
487920
487990
488000
488010
488170
488250
488260
488370
488380
488390
488400
488510
488680
488980
489040
489650
489980
490500
490830
490850
491320
491460
491480
491500
491570
491610
491690
491800
491940
491960
491970
491980
491990
492000
492010
492020
492030
492040
492050
492060
492070
492360
492420
492660
492670
492700
492810
493420
493440
493560
493970
494200
494510
494770
494860
494880
495060
495310
495360
496200
496210
496220
496330
496840
496920
497110
497140
497230
497290
497630
497840
497900
497990
498100
498140
498200
498220
498970
499050
499220
499250
499270
499280
499300
499470
499530
499590
499600
499690
499700
499710
499720
499730
499740
499750
499790
499800
499810
499820
499830
499840
499850
499860
499870
499880
500400
500530
500930
501650
501660
502580
502790
502850
502950
503170
503310
503380
503530
504270
504360
504530
504540
504550
504570
504580
504680
504730
504740
504930
504950
504960
505350
505380
505390
505430
505490
505500
505520
505530
505580
505590
505600
505610
505620
505670
506070
506230
506240
506250
506270
506310
506330
506340
506360
506370
506380
506390
506400
506410
506440
506450
506660
506770
507280
507430
507450
507470
507480
507870
508030
508220
508320
508380
508450
508560
508590
509090
509100
509840
510160
510260
510270
510350
510480
510670
510970
510980
511000
511400
511410
511480
511640
511880
512030
512200
512530
512710
512820
512840
512860
513470
513970
514020
514040
514070
514100
514110
514120
514190
514210
514230
515320
515330
515340
515350
515360
515370
515380
515390
515400
515410
515430
515440
515450
515460
515490
515500
515510
515530
515540
515550
515560
515580
515590
515600
515610
515620
515630
515640
515660
515670
515680
515850
515970
516780
516860
516970
516980
517030
517070
517530
517700
517730
517830
518160
518240
518250
518260
518270
518360
518390
518400
518410
518430
518440
518450
518470
518480
518490
518500
518510
518520
518530
518540
518550
518560
518570
518760
519210
519930
520050
520060
520100
520110
520400
520480
520700
520710
520760
520770
520790
520870
521260
521270
521310
521440
521530
521550
521770
522140
522190
522770
522780
522790
522800
522810
522820
522840
522850
522860
522870
523230
523240
523250
523340
523350
523360
523370
523380
523390
524000
524020
524040
524110
524140
524150
524440
524700
524710
524720
524730
524740
524790
524820
524830
524840
524900
524920
524950
525410
525630
525650
525710
525790
525800
525810
525820
525830
525840
525900
526030
526080
526150
526200
526210
526220
526230
526270
526340
526350
526420
526580
526600
526760
526790
526840
526850
526870
527120
527180
527200
527530
527590
527830
527840
528000
528100
528340
528350
528360
528370
528380
528390
528470
528710
528810
528880
528890
529350
529530
529680
530030
530170
530200
530250
530380
530590
530870
531500
531550
531560
531570
531580
531590
531800
531830
531850
531870
531880
531950
532330
532440
532550
532810
532940
532970
533200
533370
533380
533390
533400
533410
533420
533430
533440
533450
533460
533530
533830
534050
534140
534300
534500
534690
534860
535020
535030
535040
535050
535060
535070
535080
535090
535100
535110
535120
535420
535550
535570
535590
535610
535710
535770
535870
535920
535960
535990
536000
536310
536600
536610
536700
536710
536720
537070
537400
537640
537650
537710
537930
537960
538120
538130
538140
538160
538180
538200
538210
538230
538240
538250
538270
538280
538290
538300
538310
538870
538970
538980
539060
539070
539360
539420
539710
540050
540170
540390
540420
540430
540450
540460
540470
540480
540490
540630
540800
540850
541180
541260
541330
541430
541460
541470
541490
541500
541520
541530
541550
541590
541600
541610
541620
541650
541680
541690
541700
541710
541750
541790
541860
542150
542530
542560
542610
542800
542900
543000
543620
543690
543700
543750
543820
543890
544030
544060
544100
544160
544270
544320
544510
544830
545230
545260
545290
545350
545480
545510
545530
545630
545990
547270
547580
547690
547700
547810
548270
548400
548510
548630
548640
548930
548950
549360
549610
549620
549720
550040
550140
550270
550280
550290
550460
550790
550910
551070
551200
551210
551220
551340
551390
551410
551740
551850
551900
552010
552190
552490
552750
552890
553120
553500
553650
553730
553920
553980
554010
554020
554030
554040
554050
554060
554070
554080
554090
554100
554110
554120
554170
554270
554350
554840
554880
554950
555070
555380
555500
555540
555550
555860
555960
556270
556350
556400
556410
556450
556560
556970
557080
557090
557120
557690
558080
558510
558600
558970
559040
559390
559440
559460
559470
559480
559840
560450
560490
560800
560900
560910
561030
561040
561050
561810
562000
562040
562630
562650
562720
563570
563950
564060
564200
564320
564380
564390
564490
564540
564550
564560
564570
564590
564600
564610
564620
564630
564640
564650
564660
564740
565050
565060
565470
565620
565800
565880
565930
565940
566020
566040
566240
566450
566460
566470
566680
567090
567110
567390
567400
567440
567560
567740
567820
568010
568080
568110
568120
568810
568880
569080
569090
569100
569110
569120
569620
569910
569920
570510
570520
570530
570550
571030
571360
571570
571600
571940
571950
571970
572080
572090
572100
572110
572370
572600
573220
573230
573900
574230
574300
574340
574390
574950
575160
577450
577510
577520
577660
578120
578290
578710
579010
579420
579430
579440
579450
579470
579480
579520
579530
579800
580090
580450
580500
580610
580840
580850
580860
581330
581410
581510
581770
581930
581960
582000
582320
582420
582470
582670
582680
582700
582710
582720
582740
582770
582790
582900
582910
583070
583360
583370
583380
583390
583400
583410
583420
583460
583520
583580
583800
583990
584210
584310
584320
584330
584340
584350
584360
584430
584440
584450
584460
584470
584480
584490
584500
584510
584520
584530
584540
584550
584830
585030
585170
585230
585300
585470
585540
585650
586040
586300
586730
586760
586870
586940
587020
587060
587340
587350
587670
588130
588270
588580
588780
588870
589370
589810
590410
590750
590780
591160
591170
591180
591190
591200
591210
591220
591230
591240
591250
591260
591280
591290
591300
591310
591320
591330
591340
591430
591600
591690
591700
591770
591780
591820
591870
592310
592590
592670
593000
593460
593750
593760
593770
593780
593790
593800
593810
593820
593830
593840
593860
593870
593880
594070
594560
594590
594600
594800
594860
594870
594880
594890
594960
595330
595350
595370
595380
595390
595400
595410
595570
595580
595590
595600
595610
595900
596020
596150
596290
596300
596310
596320
596330
596340
596350
596420
596700
597260
597320
597330
597340
597350
597360
597370
597380
597390
597400
597410
597500
597510
597520
597540
598010
598210
598250
598850
599020
599110
599530
599680
599980
600010
600020
600030
600050
600060
600540
600760
601260
601290
601300
601310
601370
601610
601800
601960
602410
602450
602500
602560
602580
603300
603310
603520
604100
604660
604670
604680
604690
604700
604710
604720
605070
605810
606240
606530
607070
607570
607580
607900
607910
607920
607930
607940
607950
608040
608050
608060
608070
608080
608090
608450
608460
608470
608480
608810
608880
608910
608920
608930
608940
608950
609220
609540
609550
609560
609570
609580
609590
609600
609610
609620
609630
609640
609650
609660
609670
609680
609690
609870
610060
611990
612290
612320
612490
612550
612630
612940
613140
613150
613160
613170
613250
613280
613700
613710
613960
613990
614110
614210
614540
614680
614810
615050
615320
615570
615580
616080
616340
616910
616940
617050
617190
617210
617220
617780
618730
618940
619070
619960
620010
620110
620850
621100
621390
621400
621420
621440
621570
621590
621600
621610
621640
621670
621680
621690
621700
621710
621720
621740
621750
621760
621980
621990
623390
623400
623410
623420
623430
623440
623500
623510
623520
623650
623660
623760
623990
624650
624760
625200
625710
626220
626280
626400
626490
626800
626990
627000
627050
627060
627140
627400
627680
627780
627790
627830
627840
627850
627860
627870
628250
628300
628870
629010
629190
630000
630190
630210
630350
630410
630730
631290
631430
631440
631450
631640
631650
631700
631710
631720
631740
631750
631760
631840
631850
631870
631880
632150
632440
632580
632610
632920
632940
633160
633170
633190
633380
633690
633700
633710
633990
634020
634280
634620
634630
634640
634650
634660
634670
634680
634690
634710
634720
634730
634740
634750
634760
634770
634780
634790
634830
634840
634860
634890
635020
635230
635300
635640
635710
635760
636200
636240
636300
636820
636830
636860
636900
637160
637180
637190
637200
637210
637220
637230
637240
637250
637260
637270
637280
637290
637300
637390
637400
637420
637430
637460
637470
637550
637560
637570
637590
637600
637610
637620
637630
638100
638330
638430
638660
638890
639010
639330
639340
639350
639360
639390
639400
639410
639420
639430
639520
639850
639900
640030
640190
640220
640440
640510
640520
640550
640640
640650
640660
640770
641350
641360
641370
641460
641470
641480
641490
641500
641510
641540
641550
641560
641670
641680
641690
641700
641710
641810
641820
641830
642140
642150
642160
642210
642220
642230
642290
642300
642310
642320
642330
642340
642350
642360
642370
642380
642400
642410
642420
642430
642440
642450
642460
642470
642480
642930
642940
642950
642960
642970
642980
642990
643000
643020
643030
643040
643060
643070
643080
643090
643110
643140
643160
643170
643190
643280
643290
643300
643310
643320
643330
643340
643350
643360
643380
643470
643480
643490
643500
643510
643520
643540
643550
643560
643850
644020
644030
644040
644050
644060
644070
644170
644180
644220
644230
644240
644720
644810
645540
645980
645990
646160
646390
646810
646860
646920
646950
646970
647010
647020
647030
647120
647150
647160
647190
647200
647210
647220
647230
647240
647250
647260
647290
647300
647310
647320
647330
647580
647680
647690
647700
647710
647720
647730
647770
648300
648460
648470
649400
649480
649490
649840
649860
649940
650420
650500
650520
650540
650610
651430
651460
653170
653240
653260
653410
653450
653750
654310
655510
655680
655690
656110
656390
656870
657960
658110
658130
659530
659580
659590
659600
659610
659620
659640
659650
659660
659670
659690
659800
660010
660130
660850
661510
662010
662370
663680
663700
663750
663790
663810
663840
663850
663870
663890
663900
663910
664270
664400
664680
664690
664710
664730
664760
664770
664910
664920
664930
664970
664980
664990
665000
665010
665050
665220
665530
665760
665770
665800
665810
665820
666230
666390
666400
666410
666420
666430
666440
666460
666470
666480
666500
666510
666520
666530
666540
666650
666680
667230
667490
667980
668110
668140
668390
668440
668870
668880
669100
669110
669120
669130
669140
669150
669160
669170
669180
669200
669210
669220
669230
670740
670990
671000
671010
671020
671030
673990
674430
674720
675090
675100
675520
675860
676740
677390
677400
677410
677420
677430
677570
677580
677930
678320
679420
679600
679710
679870
679880
680020
680370
680870
681870
682090
682200
682560
682870
682940
683030
683360
683500
685100
685460
685720
686370
686720
687700
688240
689780
690160
690270
690780
691060
691530
691670
691820
691840
691870
692010
692130
693060
693290
693520
694450
694620
694630
694640
694650
694940
695130
695140
695160
695170
695180
695190
695210
695220
695230
695240
695250
695260
695270
695280
695370
695410
695700
696260
696640
696790
696890
697780
697790
697820
697830
697880
698180
698190
698200
698210
698220
699070
699360
700900
701310
702100
702250
702720
702740
702760
702770
702780
703350
703990
704060
704120
704540
704580
704770
706220
707070
707100
707620
707780
707790
707800
707830
707890
708180
708650
709310
710500
710530
710560
710890
711030
712470
712490
712500
712520
713290
713410
713710
713970
714210
714390
714420
714430
714440
714450
714460
714470
714480
714500
715710
716160
716450
716800
716820
717010
717080
717570
717580
717590
717740
718630
718820
719400
719630
719690
719820
719990
720230
720380
720610
720820
720990
721310
721320
721560
721800
721810
721820
721980
722130
722360
722390
722460
722470
722530
723330
723990
724190
724200
724450
724650
724800
724810
724820
724830
724840
725000
726190
726740
726780
726790
726970
727880
728180
728190
728200
728210
728260
728290
728310
728320
728330
728340
728350
728360
728370
728380
728550
729160
729210
729420
729500
729560
729590
730100
730110
730590
730630
730730
730800
730810
731360
731390
731440
731550
731730
732570
732590
732610
732620
732630
732640
732650
732960
733010
733410
734150
734160
734170
734500
734880
734960
735170
735630
735640
735710
735720
735740
735760
735770
735780
735790
735940
737010
737110
737430
738300
738630
739120
739400
739430
739440
739450
739470
739480
739490
739500
739510
739520
739530
739590
739860
739900
740190
740710
741050
742720
742770
743140
743400
743650
743840
743930
744830
746060
746200
746460
747860
748090
748350
748870
750380
750880
751090
751120
751180
751190
751520
751610
751750
752220
752920
752930
752940
752950
753250
753730
754370
754950
754960
754970
754990
755000
755010
755030
755940
756330
756900
756910
756920
757560
757950
758180
758520
758540
758670
759100
759110
759350
759470
759770
760210
760260
760480
760570
760760
761080
761970
761980
762640
762800
762880
763260
763390
763450
764860
764940
765820
766030
766400
766410
766610
766970
767150
768210
768220
768710
769350
770420
770450
770720
770840
770990
771040
771730
772770
772810
772830
772840
772860
772870
772880
772890
772900
772910
772930
773000
773040
773900
775350
775480
776110
777030
777330
780590
781350
781360
781370
781910
783780
784710
784730
784750
784760
784770
784780
784790
784800
784810
784820
784870
785320
785330
785340
785360
785370
785380
785390
785400
785410
785420
785500
785510
785540
786030
786320
786530
786920
787130
787180
787310
788170
788590
788860
790480
790490
790500
790510
790720
791440
791450
791480
791530
791710
791730
791980
792010
792150
793390
793610
793730
793950
794290
794430
794440
794450
794690
795200
795470
795620
795670
795690
795700
795710
795770
795780
796540
796670
796680
796690
796700
796720
796740
796750
797470
797590
799100
800010
800410
800430
800760
800790
801230
801740
801990
802240
802500
802610
803380
803510
804020
804040
804060
804090
804100
804110
804140
804150
804160
804170
804180
804740
804750
804810
805140
805210
806890
807210
807250
807280
807550
807650
807660
807670
808110
808140
808150
808620
808630
808640
808650
808660
808670
808680
808700
808710
808730
808740
808750
808890
809400
811170
811650
811660
811670
812200
812210
812220
812230
812240
812250
812260
812270
812280
812320
813120
813490
813520
813740
813750
813760
813770
813790
813800
815770
816290
816300
816310
816320
817060
817300
817480
817560
818280
819180
819360
819600
819750
820440
822260
823850
823960
823970
823980
824010
824020
824030
824040
824050
824240
824320
824360
824500
824910
824920
824940
824960
824970
824980
824990
825010
825020
825030
825040
826140
826150
826220
826260
826330
826340
827380
827960
827970
828370
828530
832070
836620
836630
839510
840850
842450
842540
842710
842840
843830
844410
844650
846900
846910
846920
846930
846940
846950
846960
846970
846980
846990
847000
847010
847020
847030
847040
847050
847060
847070
847080
847120
847130
847140
847180
847190
847200
847320
847330
847340
847350
847400
847770
848140
848490
848790
849170
849180
849230
849700
850480
850490
850800
851310
851470
851600
851750
851780
852270
852840
854320
854340
855170
855780
855790
857150
857620
858020
858460
859010
859040
859140
859310
859550
859770
861200
861800
861810
862140
863680
864820
865420
866060
866590
866600
866610
866620
866630
866640
866650
866660
866670
866850
868820
870310
870320
870330
870490
870500
870900
870970
871030
871050
871060
871070
871080
872300
873580
873590
874580
874890
874940
874960
874970
874980
875000
875010
875030
875040
875050
875060
875120
875750
875860
876680
876690
876700
876710
876720
876740
878130
878760
878960
879300
879460
879730
879790
879800
879810
879820
879830
879840
881000
881220
881600
882430
883430
883440
883450
883460
883470
883480
883490
883510
883520
883530
906500
906520
906530
907140
907570
907610
916110
916420
916500
918640
918650
918660
918710
919210
919280
919310
919440
919670
921120
921130
921140
921150
921160
921180
921190
921230
921240
921250
921260
921310
921330
921340
921360
924480
925000
925420
925970
926050
927700
928020
928860
930490
931180
934170
934240
934430
935670
935810
936110
937040
939300
939310
941250
941670
942080
942660
942670
942680
942880
943790
943930
944490
944930
947870
948540
948550
949260
949280
949300
949340
949350
949360
949740
950080
950500
950560
951550
951980
952440
953860
954280
954680
955080
955730
955850
957130
957970
957980
957990
958000
958010
958590
960060
960300
961080
961090
961100
961970
962420
963500
964330
964540
964660
964670
964710
965420
965690
969380
969510
974130
976190
976380
978360
978500
980570
982870
985270
988000
990270
990310
990320
990330
990480
993100
994750
996220
996560
997390
998940
999420
1000620
1000920
1001410
1001420
1001440
1005150
1006030
1006890
1007130
1007170
1010160
1013330
